503.7190  99.00  0.010  1.000  1.000  1
539.8535  99.00  0.010  1.000  1.000  1
541.4361  99.00  0.020  1.000  1.000  1
541.9385  99.00  0.010  1.000  1.000  1
542.0644  99.00  0.010  1.000  1.000  1
542.2948  99.00  0.010  1.000  1.000  1
544.2288  99.00  0.010  1.000  1.000  1
545.6380  99.00  0.020  1.000  1.000  1
546.5134  99.00  0.010  1.000  1.000  1
547.0231  99.00  0.010  1.000  1.000  1
568.3869  99.00  0.010  1.000  1.000  1
568.5432  99.00  0.010  1.000  1.000  1
568.7478  99.00  0.020  1.000  1.000  1
568.7612  99.00  0.010  1.000  1.000  1
568.9585  99.00  0.010  1.000  1.000  1
569.0225  99.00  0.010  1.000  1.000  1
569.2415  99.00  0.020  1.000  1.000  1
569.6797  99.00  0.010  1.000  1.000  1
569.8186  99.00  0.010  1.000  1.000  1
569.8683  99.00  0.010  1.000  1.000  1
569.9315  99.00  0.010  1.000  1.000  1
570.0718  99.00  0.020  1.000  1.000  1
570.1906  99.00  0.010  1.000  1.000  1
570.3225  99.00  0.010  1.000  1.000  1
571.1403  99.00  0.010  1.000  1.000  1
571.7503  99.00  0.010  1.000  1.000  1
571.8945  99.00  0.010  1.000  1.000  1
571.9577  99.00  0.010  1.000  1.000  1
572.1947  99.00  0.010  1.000  1.000  1
572.3890  99.00  0.010  1.000  1.000  1
572.6870  99.00  0.010  1.000  1.000  1
572.8493  99.00  0.010  1.000  1.000  1
572.8838  99.00  0.010  1.000  1.000  1
572.8876  99.00  0.010  1.000  1.000  1
572.9669  99.00  0.010  1.000  1.000  1
573.5564  99.00  0.010  1.000  1.000  1
573.7679  99.00  0.010  1.000  1.000  1
574.2198  99.00  0.010  1.000  1.000  1
574.4969  99.00  0.010  1.000  1.000  1
574.5787  99.00  0.010  1.000  1.000  1
574.6801  99.00  0.010  1.000  1.000  1
575.1809  99.00  0.010  1.000  1.000  1
576.1591  99.00  0.010  1.000  1.000  1
576.2636  99.00  0.010  1.000  1.000  1
576.3391  99.00  0.010  1.000  1.000  1
578.0159  99.00  0.010  1.000  1.000  1
579.1285  99.00  0.010  1.000  1.000  1
579.8177  99.00  0.060  1.000  1.000  1
580.0637  99.00  0.010  1.000  1.000  1
580.9528  99.00  0.010  1.000  1.000  1
581.6843  99.00  0.010  1.000  1.000  1
586.1631  99.00  0.010  1.000  1.000  1
586.8757  99.00  0.010  1.000  1.000  1
587.3578  99.00  0.010  1.000  1.000  1
587.5589  99.00  0.010  1.000  1.000  1
587.6122  99.00  0.020  1.000  1.000  1
587.6437  99.00  0.020  1.000  1.000  1
587.7330  99.00  0.010  1.000  1.000  1
587.9599  99.00  0.020  1.000  1.000  1
587.9725  99.00  0.020  1.000  1.000  1
588.0728  99.00  0.010  1.000  1.000  1
588.0935  99.00  0.020  1.000  1.000  1
588.1093  99.00  0.020  1.000  1.000  1
588.1866  99.00  0.020  1.000  1.000  1
588.1979  99.00  0.010  1.000  1.000  1
588.2376  99.00  0.010  1.000  1.000  1
588.2493  99.00  0.010  1.000  1.000  1
588.3004  99.00  0.010  1.000  1.000  1
588.3899  99.00  0.030  1.000  1.000  1
588.4206  99.00  0.010  1.000  1.000  1
588.5977  99.00  0.030  1.000  1.000  1
588.6336  99.00  0.010  1.000  1.000  1
588.6406  99.00  0.010  1.000  1.000  1
588.6685  99.00  0.010  1.000  1.000  1
588.7223  99.00  0.030  1.000  1.000  1
588.7660  99.00  0.020  1.000  1.000  1
588.8706  99.00  0.020  1.000  1.000  1
588.9080  99.00  0.010  1.000  1.000  1
588.9641  99.00  0.020  1.000  1.000  1
589.1176  99.00  0.030  1.000  1.000  1
589.1502  99.00  0.010  1.000  1.000  1
589.1656  99.00  0.030  1.000  1.000  1
589.2394  99.00  0.030  1.000  1.000  1
589.3039  99.00  0.020  1.000  1.000  1
589.3507  99.00  0.020  1.000  1.000  1
589.4388  99.00  0.010  1.000  1.000  1
589.4947  99.00  0.010  1.000  1.000  1
589.5136  99.00  0.010  1.000  1.000  1
589.6420  99.00  0.010  1.000  1.000  1
589.6490  99.00  0.020  1.000  1.000  1
589.6831  99.00  0.020  1.000  1.000  1
589.7463  99.00  0.010  1.000  1.000  1
589.7752  99.00  0.010  1.000  1.000  1
589.7931  99.00  0.010  1.000  1.000  1
589.8158  99.00  0.050  1.000  1.000  1
589.8412  99.00  0.010  1.000  1.000  1
589.8999  99.00  0.020  1.000  1.000  1
589.9917  99.00  0.020  1.000  1.000  1
590.0036  99.00  0.050  1.000  1.000  1
590.0918  99.00  0.010  1.000  1.000  1
590.1245  99.00  0.010  1.000  1.000  1
590.1463  99.00  0.060  1.000  1.000  1
590.2137  99.00  0.020  1.000  1.000  1
590.3534  99.00  0.020  1.000  1.000  1
590.3703  99.00  0.010  1.000  1.000  1
590.3848  99.00  0.010  1.000  1.000  1
590.3970  99.00  0.010  1.000  1.000  1
590.5118  99.00  0.010  1.000  1.000  1
590.5291  99.00  0.010  1.000  1.000  1
590.5369  99.00  0.010  1.000  1.000  1
590.7265  99.00  0.010  1.000  1.000  1
590.7362  99.00  0.010  1.000  1.000  1
590.7474  99.00  0.010  1.000  1.000  1
590.7848  99.00  0.030  1.000  1.000  1
590.8207  99.00  0.020  1.000  1.000  1
590.8995  99.00  0.030  1.000  1.000  1
591.0190  99.00  0.020  1.000  1.000  1
591.0326  99.00  0.010  1.000  1.000  1
591.0485  99.00  0.010  1.000  1.000  1
591.0637  99.00  0.010  1.000  1.000  1
591.0766  99.00  0.020  1.000  1.000  1
591.2689  99.00  0.010  1.000  1.000  1
591.2994  99.00  0.030  1.000  1.000  1
591.4933  99.00  0.010  1.000  1.000  1
591.5436  99.00  0.020  1.000  1.000  1
591.5629  99.00  0.020  1.000  1.000  1
591.6581  99.00  0.010  1.000  1.000  1
591.7388  99.00  0.010  1.000  1.000  1
591.8405  99.00  0.050  1.000  1.000  1
591.9053  99.00  0.060  1.000  1.000  1
591.9643  99.00  0.070  1.000  1.000  1
592.0559  99.00  0.020  1.000  1.000  1
592.1152  99.00  0.010  1.000  1.000  1
592.1649  99.00  0.010  1.000  1.000  1
592.2366  99.00  0.010  1.000  1.000  1
592.2512  99.00  0.030  1.000  1.000  1
592.2712  99.00  0.010  1.000  1.000  1
592.3179  99.00  0.010  1.000  1.000  1
592.3645  99.00  0.020  1.000  1.000  1
592.3830  99.00  0.030  1.000  1.000  1
592.4271  99.00  0.040  1.000  1.000  1
592.4991  99.00  0.030  1.000  1.000  1
592.8288  99.00  0.030  1.000  1.000  1
592.9116  99.00  0.010  1.000  1.000  1
593.0595  99.00  0.010  1.000  1.000  1
593.1003  99.00  0.010  1.000  1.000  1
593.2089  99.00  0.040  1.000  1.000  1
593.2782  99.00  0.030  1.000  1.000  1
593.4086  99.00  0.010  1.000  1.000  1
593.5820  99.00  0.020  1.000  1.000  1
593.8053  99.00  0.010  1.000  1.000  1
593.9968  99.00  0.010  1.000  1.000  1
594.0421  99.00  0.030  1.000  1.000  1
594.0877  99.00  0.010  1.000  1.000  1
594.1082  99.00  0.060  1.000  1.000  1
594.1243  99.00  0.010  1.000  1.000  1
594.1628  99.00  0.050  1.000  1.000  1
594.2285  99.00  0.010  1.000  1.000  1
594.2419  99.00  0.030  1.000  1.000  1
594.2565  99.00  0.060  1.000  1.000  1
594.4312  99.00  0.030  1.000  1.000  1
594.4732  99.00  0.020  1.000  1.000  1
594.5256  99.00  0.010  1.000  1.000  1
594.5314  99.00  0.010  1.000  1.000  1
594.5648  99.00  0.020  1.000  1.000  1
594.6005  99.00  0.050  1.000  1.000  1
594.6850  99.00  0.020  1.000  1.000  1
594.7059  99.00  0.040  1.000  1.000  1
594.8220  99.00  0.010  1.000  1.000  1
594.9172  99.00  0.050  1.000  1.000  1
594.9674  99.00  0.010  1.000  1.000  1
594.9822  99.00  0.030  1.000  1.000  1
595.0146  99.00  0.010  1.000  1.000  1
595.0339  99.00  0.020  1.000  1.000  1
595.0960  99.00  0.010  1.000  1.000  1
595.1500  99.00  0.030  1.000  1.000  1
595.4373  99.00  0.010  1.000  1.000  1
595.4951  99.00  0.040  1.000  1.000  1
595.5800  99.00  0.010  1.000  1.000  1
595.6353  99.00  0.020  1.000  1.000  1
595.7879  99.00  0.060  1.000  1.000  1
595.8247  99.00  0.060  1.000  1.000  1
595.8627  99.00  0.040  1.000  1.000  1
595.8833  99.00  0.010  1.000  1.000  1
595.9308  99.00  0.010  1.000  1.000  1
595.9988  99.00  0.020  1.000  1.000  1
596.1438  99.00  0.010  1.000  1.000  1
596.2466  99.00  0.020  1.000  1.000  1
596.3253  99.00  0.010  1.000  1.000  1
596.6325  99.00  0.010  1.000  1.000  1
596.6664  99.00  0.020  1.000  1.000  1
596.7308  99.00  0.010  1.000  1.000  1
596.7677  99.00  0.010  1.000  1.000  1
596.7834  99.00  0.020  1.000  1.000  1
596.8053  99.00  0.010  1.000  1.000  1
596.8277  99.00  0.020  1.000  1.000  1
596.8406  99.00  0.010  1.000  1.000  1
596.9034  99.00  0.010  1.000  1.000  1
597.0057  99.00  0.010  1.000  1.000  1
597.1346  99.00  0.020  1.000  1.000  1
597.5190  99.00  0.010  1.000  1.000  1
597.7008  99.00  0.030  1.000  1.000  1
597.7057  99.00  0.030  1.000  1.000  1
597.7448  99.00  0.010  1.000  1.000  1
597.7803  99.00  0.010  1.000  1.000  1
598.0153  99.00  0.010  1.000  1.000  1
598.1223  99.00  0.010  1.000  1.000  1
598.5224  99.00  0.020  1.000  1.000  1
598.9288  99.00  0.010  1.000  1.000  1
599.0618  99.00  0.010  1.000  1.000  1
599.0849  99.00  0.010  1.000  1.000  1
599.1998  99.00  0.020  1.000  1.000  1
599.4524  99.00  0.010  1.000  1.000  1
599.7349  99.00  0.020  1.000  1.000  1
599.9670  99.00  0.020  1.000  1.000  1
599.9737  99.00  0.020  1.000  1.000  1
600.4658  99.00  0.010  1.000  1.000  1
603.6455  99.00  0.010  1.000  1.000  1
626.7605  99.00  0.010  1.000  1.000  1
627.5280  99.00  0.010  1.000  1.000  1
627.6595  99.00  0.040  1.000  1.000  1
627.6632  99.00  0.040  1.000  1.000  1
627.6820  99.00  0.030  1.000  1.000  1
627.6946  99.00  0.010  1.000  1.000  1
627.7135  99.00  0.010  1.000  1.000  1
627.7314  99.00  0.040  1.000  1.000  1
627.7423  99.00  0.020  1.000  1.000  1
627.7470  99.00  0.020  1.000  1.000  1
627.7526  99.00  0.010  1.000  1.000  1
627.7641  99.00  0.030  1.000  1.000  1
627.7789  99.00  0.010  1.000  1.000  1
627.8075  99.00  0.050  1.000  1.000  1
627.8125  99.00  0.040  1.000  1.000  1
627.8377  99.00  0.010  1.000  1.000  1
627.8879  99.00  0.040  1.000  1.000  1
627.9101  99.00  0.040  1.000  1.000  1
627.9239  99.00  0.010  1.000  1.000  1
627.9336  99.00  0.020  1.000  1.000  1
627.9896  99.00  0.040  1.000  1.000  1
628.0394  99.00  0.040  1.000  1.000  1
628.1179  99.00  0.030  1.000  1.000  1
628.1957  99.00  0.040  1.000  1.000  1
628.2507  99.00  0.010  1.000  1.000  1
628.2727  99.00  0.040  1.000  1.000  1
628.3796  99.00  0.020  1.000  1.000  1
628.4538  99.00  0.010  1.000  1.000  1
628.5808  99.00  0.020  1.000  1.000  1
628.7751  99.00  0.020  1.000  1.000  1
628.7949  99.00  0.010  1.000  1.000  1
628.9397  99.00  0.020  1.000  1.000  1
629.0222  99.00  0.030  1.000  1.000  1
629.2162  99.00  0.030  1.000  1.000  1
629.2614  99.00  0.010  1.000  1.000  1
629.2959  99.00  0.040  1.000  1.000  1
629.4657  99.00  0.010  1.000  1.000  1
629.5179  99.00  0.040  1.000  1.000  1
629.5961  99.00  0.040  1.000  1.000  1
629.7265  99.00  0.010  1.000  1.000  1
629.8457  99.00  0.040  1.000  1.000  1
629.9230  99.00  0.050  1.000  1.000  1
630.2001  99.00  0.040  1.000  1.000  1
630.2763  99.00  0.030  1.000  1.000  1
630.5810  99.00  0.030  1.000  1.000  1
630.6568  99.00  0.030  1.000  1.000  1
630.9888  99.00  0.040  1.000  1.000  1
631.0637  99.00  0.020  1.000  1.000  1
631.4236  99.00  0.020  1.000  1.000  1
631.4980  99.00  0.020  1.000  1.000  1
631.6320  99.00  0.010  1.000  1.000  1
631.7213  99.00  0.010  1.000  1.000  1
631.7433  99.00  0.010  1.000  1.000  1
631.8853  99.00  0.010  1.000  1.000  1
631.9495  99.00  0.010  1.000  1.000  1
631.9593  99.00  0.010  1.000  1.000  1
631.9947  99.00  0.010  1.000  1.000  1
632.3747  99.00  0.010  1.000  1.000  1
632.3866  99.00  0.010  1.000  1.000  1
632.4475  99.00  0.010  1.000  1.000  1
633.2064  99.00  0.010  1.000  1.000  1
633.5073  99.00  0.010  1.000  1.000  1
634.2400  99.00  0.010  1.000  1.000  1
634.7300  99.00  0.010  1.000  1.000  1
635.0714  99.00  0.010  1.000  1.000  1
635.5170  99.00  0.030  1.000  1.000  1
637.1563  99.00  0.010  1.000  1.000  1
640.8663  99.00  0.010  1.000  1.000  1
644.3583  99.00  0.010  1.000  1.000  1
645.4150  99.00  0.010  1.000  1.000  1
645.7096  99.00  0.010  1.000  1.000  1
645.8687  99.00  0.010  1.000  1.000  1
645.8873  99.00  0.010  1.000  1.000  1
645.9683  99.00  0.010  1.000  1.000  1
646.1842  99.00  0.010  1.000  1.000  1
646.3211  99.00  0.010  1.000  1.000  1
646.3478  99.00  0.010  1.000  1.000  1
646.3770  99.00  0.010  1.000  1.000  1
646.4416  99.00  0.010  1.000  1.000  1
646.6129  99.00  0.010  1.000  1.000  1
646.6265  99.00  0.010  1.000  1.000  1
646.6703  99.00  0.010  1.000  1.000  1
646.7576  99.00  0.010  1.000  1.000  1
646.7878  99.00  0.010  1.000  1.000  1
646.8352  99.00  0.010  1.000  1.000  1
646.9355  99.00  0.010  1.000  1.000  1
646.9640  99.00  0.020  1.000  1.000  1
646.9996  99.00  0.010  1.000  1.000  1
647.2468  99.00  0.020  1.000  1.000  1
647.2608  99.00  0.010  1.000  1.000  1
647.3173  99.00  0.030  1.000  1.000  1
647.4120  99.00  0.010  1.000  1.000  1
647.5052  99.00  0.030  1.000  1.000  1
647.5202  99.00  0.040  1.000  1.000  1
647.5813  99.00  0.030  1.000  1.000  1
647.6572  99.00  0.010  1.000  1.000  1
647.7011  99.00  0.010  1.000  1.000  1
647.7330  99.00  0.010  1.000  1.000  1
647.9184  99.00  0.010  1.000  1.000  1
648.0059  99.00  0.010  1.000  1.000  1
648.3239  99.00  0.010  1.000  1.000  1
648.3768  99.00  0.010  1.000  1.000  1
648.6776  99.00  0.010  1.000  1.000  1
648.9134  99.00  0.010  1.000  1.000  1
649.0791  99.00  0.020  1.000  1.000  1
649.2909  99.00  0.010  1.000  1.000  1
649.3238  99.00  0.010  1.000  1.000  1
649.5865  99.00  0.010  1.000  1.000  1
649.7598  99.00  0.010  1.000  1.000  1
650.2917  99.00  0.010  1.000  1.000  1
650.7664  99.00  0.010  1.000  1.000  1
650.8599  99.00  0.020  1.000  1.000  1
651.2005  99.00  0.010  1.000  1.000  1
651.2256  99.00  0.010  1.000  1.000  1
651.3045  99.00  0.010  1.000  1.000  1
651.4297  99.00  0.010  1.000  1.000  1
651.4727  99.00  0.050  1.000  1.000  1
651.5848  99.00  0.020  1.000  1.000  1
651.6549  99.00  0.040  1.000  1.000  1
651.6636  99.00  0.040  1.000  1.000  1
651.7089  99.00  0.030  1.000  1.000  1
651.8013  99.00  0.020  1.000  1.000  1
651.9160  99.00  0.010  1.000  1.000  1
651.9457  99.00  0.030  1.000  1.000  1
652.2203  99.00  0.010  1.000  1.000  1
652.3313  99.00  0.010  1.000  1.000  1
652.3844  99.00  0.030  1.000  1.000  1
652.5783  99.00  0.010  1.000  1.000  1
653.0591  99.00  0.010  1.000  1.000  1
653.2355  99.00  0.040  1.000  1.000  1
653.4258  99.00  0.010  1.000  1.000  1
653.6719  99.00  0.010  1.000  1.000  1
653.8509  99.00  0.010  1.000  1.000  1
654.0444  99.00  0.010  1.000  1.000  1
654.2309  99.00  0.020  1.000  1.000  1
654.3906  99.00  0.050  1.000  1.000  1
654.5774  99.00  0.010  1.000  1.000  1
654.7693  99.00  0.020  1.000  1.000  1
654.8621  99.00  0.030  1.000  1.000  1
655.2041  99.00  0.010  1.000  1.000  1
655.2627  99.00  0.030  1.000  1.000  1
655.3781  99.00  0.020  1.000  1.000  1
655.5077  99.00  0.010  1.000  1.000  1
655.7174  99.00  0.020  1.000  1.000  1
655.8146  99.00  0.010  1.000  1.000  1
656.1106  99.00  0.010  1.000  1.000  1
656.3510  99.00  0.010  1.000  1.000  1
656.4049  99.00  0.010  1.000  1.000  1
656.4200  99.00  0.020  1.000  1.000  1
657.0635  99.00  0.010  1.000  1.000  1
657.2070  99.00  0.030  1.000  1.000  1
657.4849  99.00  0.030  1.000  1.000  1
657.6367  99.00  0.010  1.000  1.000  1
658.0787  99.00  0.010  1.000  1.000  1
658.6506  99.00  0.010  1.000  1.000  1
658.6680  99.00  0.010  1.000  1.000  1
659.4369  99.00  0.010  1.000  1.000  1
659.9325  99.00  0.010  1.000  1.000  1
660.1970  99.00  0.010  1.000  1.000  1
684.7601  99.00  0.010  1.000  1.000  1
685.2709  99.00  0.010  1.000  1.000  1
686.7200  99.00  0.220  1.000  1.000  1
686.7240  99.00  0.220  1.000  1.000  1
686.7399  99.00  0.040  1.000  1.000  1
686.7548  99.00  0.230  1.000  1.000  1
686.7861  99.00  0.050  1.000  1.000  1
686.8110  99.00  0.200  1.000  1.000  1
686.8245  99.00  0.250  1.000  1.000  1
686.8425  99.00  0.050  1.000  1.000  1
686.8551  99.00  0.220  1.000  1.000  1
686.8914  99.00  0.310  1.000  1.000  1
686.9096  99.00  0.310  1.000  1.000  1
686.9568  99.00  0.010  1.000  1.000  1
686.9627  99.00  0.010  1.000  1.000  1
686.9910  99.00  0.560  1.000  1.000  1
687.0620  99.00  0.010  1.000  1.000  1
687.0949  99.00  0.340  1.000  1.000  1
687.1271  99.00  0.390  1.000  1.000  1
687.1875  99.00  0.010  1.000  1.000  1
687.2247  99.00  0.370  1.000  1.000  1
687.2841  99.00  0.400  1.000  1.000  1
687.3794  99.00  0.380  1.000  1.000  1
687.5596  99.00  0.360  1.000  1.000  1
687.6715  99.00  0.350  1.000  1.000  1
687.7638  99.00  0.290  1.000  1.000  1
687.9043  99.00  0.280  1.000  1.000  1
687.9932  99.00  0.170  1.000  1.000  1
688.3834  99.00  0.210  1.000  1.000  1
688.5756  99.00  0.250  1.000  1.000  1
688.6744  99.00  0.300  1.000  1.000  1
688.7473  99.00  0.010  1.000  1.000  1
688.7561  99.00  0.010  1.000  1.000  1
688.8011  99.00  0.010  1.000  1.000  1
688.8948  99.00  0.280  1.000  1.000  1
688.9898  99.00  0.320  1.000  1.000  1
689.2372  99.00  0.300  1.000  1.000  1
689.3310  99.00  0.310  1.000  1.000  1
689.5377  99.00  0.010  1.000  1.000  1
689.6040  99.00  0.290  1.000  1.000  1
689.6965  99.00  0.310  1.000  1.000  1
689.9956  99.00  0.280  1.000  1.000  1
690.0871  99.00  0.310  1.000  1.000  1
690.1591  99.00  0.010  1.000  1.000  1
690.4118  99.00  0.240  1.000  1.000  1
690.4525  99.00  0.010  1.000  1.000  1
690.5026  99.00  0.240  1.000  1.000  1
690.5493  99.00  0.010  1.000  1.000  1
690.5999  99.00  0.010  1.000  1.000  1
690.8537  99.00  0.200  1.000  1.000  1
690.9434  99.00  0.210  1.000  1.000  1
691.1018  99.00  0.010  1.000  1.000  1
691.1370  99.00  0.010  1.000  1.000  1
691.3204  99.00  0.160  1.000  1.000  1
691.3352  99.00  0.010  1.000  1.000  1
691.3607  99.00  0.010  1.000  1.000  1
691.3712  99.00  0.010  1.000  1.000  1
691.4094  99.00  0.150  1.000  1.000  1
691.6486  99.00  0.010  1.000  1.000  1
691.7409  99.00  0.010  1.000  1.000  1
691.7509  99.00  0.010  1.000  1.000  1
691.8125  99.00  0.130  1.000  1.000  1
691.8427  99.00  0.020  1.000  1.000  1
691.9008  99.00  0.140  1.000  1.000  1
691.9337  99.00  0.010  1.000  1.000  1
692.0167  99.00  0.010  1.000  1.000  1
692.0428  99.00  0.010  1.000  1.000  1
692.0906  99.00  0.010  1.000  1.000  1
692.1340  99.00  0.010  1.000  1.000  1
692.1583  99.00  0.010  1.000  1.000  1
692.4174  99.00  0.140  1.000  1.000  1
692.4469  99.00  0.010  1.000  1.000  1
692.4834  99.00  0.010  1.000  1.000  1
692.6578  99.00  0.010  1.000  1.000  1
692.6758  99.00  0.030  1.000  1.000  1
692.7128  99.00  0.010  1.000  1.000  1
692.8734  99.00  0.060  1.000  1.000  1
692.9105  99.00  0.040  1.000  1.000  1
692.9310  99.00  0.070  1.000  1.000  1
692.9601  99.00  0.070  1.000  1.000  1
692.9846  99.00  0.040  1.000  1.000  1
692.9940  99.00  0.020  1.000  1.000  1
693.1324  99.00  0.030  1.000  1.000  1
693.1769  99.00  0.020  1.000  1.000  1
693.2157  99.00  0.010  1.000  1.000  1
693.3476  99.00  0.010  1.000  1.000  1
693.3617  99.00  0.080  1.000  1.000  1
693.3821  99.00  0.040  1.000  1.000  1
693.4426  99.00  0.050  1.000  1.000  1
693.5286  99.00  0.050  1.000  1.000  1
693.5431  99.00  0.010  1.000  1.000  1
693.5823  99.00  0.010  1.000  1.000  1
693.7705  99.00  0.060  1.000  1.000  1
693.8272  99.00  0.010  1.000  1.000  1
693.8272  99.00  0.010  1.000  1.000  1
693.9621  99.00  0.040  1.000  1.000  1
693.9743  99.00  0.010  1.000  1.000  1
694.0190  99.00  0.050  1.000  1.000  1
694.0378  99.00  0.030  1.000  1.000  1
694.1005  99.00  0.010  1.000  1.000  1
694.1226  99.00  0.040  1.000  1.000  1
694.2159  99.00  0.040  1.000  1.000  1
694.2375  99.00  0.030  1.000  1.000  1
694.3807  99.00  0.060  1.000  1.000  1
694.3808  99.00  0.060  1.000  1.000  1
694.6596  99.00  0.010  1.000  1.000  1
694.8999  99.00  0.020  1.000  1.000  1
694.9086  99.00  0.040  1.000  1.000  1
695.0761  99.00  0.030  1.000  1.000  1
695.1254  99.00  0.090  1.000  1.000  1
695.3582  99.00  0.040  1.000  1.000  1
695.3770  99.00  0.010  1.000  1.000  1
695.6411  99.00  0.080  1.000  1.000  1
695.6510  99.00  0.040  1.000  1.000  1
695.9457  99.00  0.030  1.000  1.000  1
695.9830  99.00  0.010  1.000  1.000  1
696.1264  99.00  0.070  1.000  1.000  1
696.3648  99.00  0.010  1.000  1.000  1
696.4551  99.00  0.030  1.000  1.000  1
696.5074  99.00  0.010  1.000  1.000  1
697.0887  99.00  0.010  1.000  1.000  1
697.1155  99.00  0.010  1.000  1.000  1
697.7476  99.00  0.070  1.000  1.000  1
697.9268  99.00  0.010  1.000  1.000  1
698.1459  99.00  0.030  1.000  1.000  1
698.4941  99.00  0.020  1.000  1.000  1
698.6583  99.00  0.110  1.000  1.000  1
698.7859  99.00  0.020  1.000  1.000  1
698.8988  99.00  0.110  1.000  1.000  1
699.0376  99.00  0.050  1.000  1.000  1
699.1051  99.00  0.010  1.000  1.000  1
699.1802  99.00  0.010  1.000  1.000  1
699.3520  99.00  0.070  1.000  1.000  1
699.4114  99.00  0.050  1.000  1.000  1
699.4987  99.00  0.010  1.000  1.000  1
699.7809  99.00  0.010  1.000  1.000  1
699.8011  99.00  0.020  1.000  1.000  1
699.8720  99.00  0.020  1.000  1.000  1
699.8968  99.00  0.110  1.000  1.000  1
699.9252  99.00  0.010  1.000  1.000  1
700.0902  99.00  0.010  1.000  1.000  1
700.2145  99.00  0.030  1.000  1.000  1
700.2616  99.00  0.010  1.000  1.000  1
700.4316  99.00  0.030  1.000  1.000  1
700.4440  99.00  0.010  1.000  1.000  1
700.4755  99.00  0.090  1.000  1.000  1
700.5126  99.00  0.040  1.000  1.000  1
700.5368  99.00  0.010  1.000  1.000  1
700.5611  99.00  0.030  1.000  1.000  1
700.6152  99.00  0.020  1.000  1.000  1
700.6866  99.00  0.020  1.000  1.000  1
700.7720  99.00  0.010  1.000  1.000  1
700.8263  99.00  0.010  1.000  1.000  1
700.9248  99.00  0.010  1.000  1.000  1
700.9873  99.00  0.020  1.000  1.000  1
701.0968  99.00  0.020  1.000  1.000  1
701.1343  99.00  0.090  1.000  1.000  1
701.2259  99.00  0.010  1.000  1.000  1
701.3853  99.00  0.010  1.000  1.000  1
701.5304  99.00  0.020  1.000  1.000  1
701.5547  99.00  0.010  1.000  1.000  1
701.5947  99.00  0.010  1.000  1.000  1
701.8795  99.00  0.010  1.000  1.000  1
701.9362  99.00  0.030  1.000  1.000  1
702.0610  99.00  0.010  1.000  1.000  1
702.1535  99.00  0.010  1.000  1.000  1
702.2557  99.00  0.010  1.000  1.000  1
702.3506  99.00  0.090  1.000  1.000  1
702.6402  99.00  0.030  1.000  1.000  1
702.6624  99.00  0.020  1.000  1.000  1
702.6941  99.00  0.050  1.000  1.000  1
702.7481  99.00  0.090  1.000  1.000  1
702.7867  99.00  0.040  1.000  1.000  1
703.0656  99.00  0.010  1.000  1.000  1
703.7201  99.00  0.030  1.000  1.000  1
703.7542  99.00  0.040  1.000  1.000  1
703.9293  99.00  0.030  1.000  1.000  1
703.9802  99.00  0.090  1.000  1.000  1
704.1748  99.00  0.010  1.000  1.000  1
704.2445  99.00  0.010  1.000  1.000  1
704.4466  99.00  0.010  1.000  1.000  1
704.6872  99.00  0.020  1.000  1.000  1
704.7375  99.00  0.010  1.000  1.000  1
705.0488  99.00  0.010  1.000  1.000  1
705.0489  99.00  0.010  1.000  1.000  1
705.0857  99.00  0.040  1.000  1.000  1
705.0858  99.00  0.040  1.000  1.000  1
705.2397  99.00  0.020  1.000  1.000  1
705.2767  99.00  0.070  1.000  1.000  1
705.4736  99.00  0.010  1.000  1.000  1
705.6267  99.00  0.010  1.000  1.000  1
705.7002  99.00  0.040  1.000  1.000  1
705.8203  99.00  0.010  1.000  1.000  1
705.9616  99.00  0.010  1.000  1.000  1
706.0428  99.00  0.070  1.000  1.000  1
706.1516  99.00  0.020  1.000  1.000  1
706.4633  99.00  0.010  1.000  1.000  1
706.5638  99.00  0.030  1.000  1.000  1
706.6277  99.00  0.010  1.000  1.000  1
707.2057  99.00  0.010  1.000  1.000  1
707.4887  99.00  0.010  1.000  1.000  1
707.7800  99.00  0.010  1.000  1.000  1
707.8255  99.00  0.020  1.000  1.000  1
707.8846  99.00  0.010  1.000  1.000  1
707.9615  99.00  0.020  1.000  1.000  1
708.0974  99.00  0.010  1.000  1.000  1
708.6346  99.00  0.010  1.000  1.000  1
708.8143  99.00  0.030  1.000  1.000  1
708.9701  99.00  0.010  1.000  1.000  1
709.4056  99.00  0.010  1.000  1.000  1
709.7124  99.00  0.030  1.000  1.000  1
709.7660  99.00  0.010  1.000  1.000  1
709.8919  99.00  0.010  1.000  1.000  1
710.0729  99.00  0.010  1.000  1.000  1
710.1621  99.00  0.010  1.000  1.000  1
710.2281  99.00  0.010  1.000  1.000  1
710.3158  99.00  0.010  1.000  1.000  1
710.6161  99.00  0.010  1.000  1.000  1
710.6451  99.00  0.010  1.000  1.000  1
710.9062  99.00  0.010  1.000  1.000  1
710.9304  99.00  0.010  1.000  1.000  1
711.1929  99.00  0.010  1.000  1.000  1
711.8304  99.00  0.020  1.000  1.000  1
711.9665  99.00  0.030  1.000  1.000  1
712.0024  99.00  0.020  1.000  1.000  1
712.2519  99.00  0.020  1.000  1.000  1
712.8188  99.00  0.010  1.000  1.000  1
712.9094  99.00  0.010  1.000  1.000  1
713.4117  99.00  0.010  1.000  1.000  1
713.7225  99.00  0.010  1.000  1.000  1
713.7483  99.00  0.040  1.000  1.000  1
714.0283  99.00  0.010  1.000  1.000  1
714.2986  99.00  0.020  1.000  1.000  1
714.7639  99.00  0.040  1.000  1.000  1
715.0686  99.00  0.010  1.000  1.000  1
715.1151  99.00  0.030  1.000  1.000  1
715.3339  99.00  0.010  1.000  1.000  1
715.3750  99.00  0.010  1.000  1.000  1
715.5075  99.00  0.010  1.000  1.000  1
715.6426  99.00  0.030  1.000  1.000  1
715.9321  99.00  0.020  1.000  1.000  1
716.1605  99.00  0.010  1.000  1.000  1
716.2054  99.00  0.030  1.000  1.000  1
716.2345  99.00  0.020  1.000  1.000  1
716.2729  99.00  0.010  1.000  1.000  1
716.3787  99.00  0.020  1.000  1.000  1
716.6089  99.00  0.020  1.000  1.000  1
716.6309  99.00  0.010  1.000  1.000  1
716.6708  99.00  0.010  1.000  1.000  1
716.7102  99.00  0.030  1.000  1.000  1
716.7358  99.00  0.060  1.000  1.000  1
716.7907  99.00  0.180  1.000  1.000  1
716.9068  99.00  0.030  1.000  1.000  1
716.9891  99.00  0.030  1.000  1.000  1
717.0087  99.00  0.060  1.000  1.000  1
717.0326  99.00  0.030  1.000  1.000  1
717.0574  99.00  0.110  1.000  1.000  1
717.0886  99.00  0.040  1.000  1.000  1
717.1966  99.00  0.030  1.000  1.000  1
717.2725  99.00  0.180  1.000  1.000  1
717.2916  99.00  0.050  1.000  1.000  1
717.3396  99.00  0.170  1.000  1.000  1
717.3772  99.00  0.090  1.000  1.000  1
717.3772  99.00  0.090  1.000  1.000  1
717.4166  99.00  0.090  1.000  1.000  1
717.6152  99.00  0.090  1.000  1.000  1
717.7119  99.00  0.030  1.000  1.000  1
717.7371  99.00  0.070  1.000  1.000  1
717.7631  99.00  0.040  1.000  1.000  1
717.8420  99.00  0.020  1.000  1.000  1
717.9303  99.00  0.010  1.000  1.000  1
718.1538  99.00  0.090  1.000  1.000  1
718.1762  99.00  0.040  1.000  1.000  1
718.4524  99.00  0.200  1.000  1.000  1
718.6145  99.00  0.060  1.000  1.000  1
718.6380  99.00  0.100  1.000  1.000  1
718.6396  99.00  0.100  1.000  1.000  1
718.7011  99.00  0.060  1.000  1.000  1
718.8991  99.00  0.010  1.000  1.000  1
719.1489  99.00  0.160  1.000  1.000  1
719.1865  99.00  0.050  1.000  1.000  1
719.3563  99.00  0.100  1.000  1.000  1
719.3765  99.00  0.070  1.000  1.000  1
719.5046  99.00  0.040  1.000  1.000  1
719.5797  99.00  0.020  1.000  1.000  1
719.7235  99.00  0.040  1.000  1.000  1
719.7411  99.00  0.010  1.000  1.000  1
719.7867  99.00  0.030  1.000  1.000  1
719.7868  99.00  0.030  1.000  1.000  1
719.8440  99.00  0.050  1.000  1.000  1
720.0033  99.00  0.010  1.000  1.000  1
720.0384  99.00  0.010  1.000  1.000  1
720.0538  99.00  0.100  1.000  1.000  1
720.1199  99.00  0.140  1.000  1.000  1
720.1495  99.00  0.010  1.000  1.000  1
720.3854  99.00  0.020  1.000  1.000  1
720.4304  99.00  0.110  1.000  1.000  1
720.6428  99.00  0.140  1.000  1.000  1
721.1211  99.00  0.020  1.000  1.000  1
721.2032  99.00  0.010  1.000  1.000  1
721.5540  99.00  0.010  1.000  1.000  1
721.6529  99.00  0.030  1.000  1.000  1
721.8029  99.00  0.010  1.000  1.000  1
722.3635  99.00  0.140  1.000  1.000  1
722.7493  99.00  0.060  1.000  1.000  1
722.8261  99.00  0.010  1.000  1.000  1
722.9486  99.00  0.010  1.000  1.000  1
723.2237  99.00  0.040  1.000  1.000  1
723.2903  99.00  0.120  1.000  1.000  1
723.4400  99.00  0.030  1.000  1.000  1
723.4734  99.00  0.140  1.000  1.000  1
723.6134  99.00  0.050  1.000  1.000  1
723.6455  99.00  0.010  1.000  1.000  1
723.7970  99.00  0.010  1.000  1.000  1
723.9047  99.00  0.010  1.000  1.000  1
723.9850  99.00  0.100  1.000  1.000  1
724.0636  99.00  0.120  1.000  1.000  1
724.0825  99.00  0.090  1.000  1.000  1
724.0833  99.00  0.090  1.000  1.000  1
724.3478  99.00  0.040  1.000  1.000  1
724.3713  99.00  0.120  1.000  1.000  1
724.5678  99.00  0.060  1.000  1.000  1
724.7067  99.00  0.010  1.000  1.000  1
724.7240  99.00  0.030  1.000  1.000  1
724.8931  99.00  0.020  1.000  1.000  1
725.0220  99.00  0.030  1.000  1.000  1
725.2380  99.00  0.110  1.000  1.000  1
725.2858  99.00  0.030  1.000  1.000  1
725.3226  99.00  0.050  1.000  1.000  1
725.3722  99.00  0.060  1.000  1.000  1
725.7096  99.00  0.010  1.000  1.000  1
725.7378  99.00  0.030  1.000  1.000  1
725.8655  99.00  0.010  1.000  1.000  1
725.9122  99.00  0.010  1.000  1.000  1
726.0732  99.00  0.020  1.000  1.000  1
726.1439  99.00  0.060  1.000  1.000  1
726.2034  99.00  0.010  1.000  1.000  1
726.2976  99.00  0.020  1.000  1.000  1
726.4387  99.00  0.010  1.000  1.000  1
726.4606  99.00  0.060  1.000  1.000  1
726.5593  99.00  0.120  1.000  1.000  1
726.8561  99.00  0.010  1.000  1.000  1
726.9751  99.00  0.020  1.000  1.000  1
727.0128  99.00  0.020  1.000  1.000  1
727.0279  99.00  0.010  1.000  1.000  1
727.2956  99.00  0.140  1.000  1.000  1
727.2962  99.00  0.140  1.000  1.000  1
727.3837  99.00  0.010  1.000  1.000  1
727.5408  99.00  0.130  1.000  1.000  1
727.5815  99.00  0.010  1.000  1.000  1
727.6318  99.00  0.030  1.000  1.000  1
727.6544  99.00  0.010  1.000  1.000  1
727.6848  99.00  0.020  1.000  1.000  1
727.7140  99.00  0.010  1.000  1.000  1
727.7390  99.00  0.100  1.000  1.000  1
727.8079  99.00  0.030  1.000  1.000  1
727.8491  99.00  0.020  1.000  1.000  1
727.8783  99.00  0.010  1.000  1.000  1
727.9008  99.00  0.010  1.000  1.000  1
727.9691  99.00  0.010  1.000  1.000  1
728.0667  99.00  0.010  1.000  1.000  1
728.0976  99.00  0.010  1.000  1.000  1
728.2289  99.00  0.070  1.000  1.000  1
728.3215  99.00  0.020  1.000  1.000  1
728.7384  99.00  0.060  1.000  1.000  1
728.7384  99.00  0.060  1.000  1.000  1
728.7864  99.00  0.010  1.000  1.000  1
728.8129  99.00  0.040  1.000  1.000  1
728.9814  99.00  0.010  1.000  1.000  1
728.9825  99.00  0.010  1.000  1.000  1
729.0395  99.00  0.120  1.000  1.000  1
729.0870  99.00  0.020  1.000  1.000  1
729.1093  99.00  0.030  1.000  1.000  1
729.1455  99.00  0.070  1.000  1.000  1
729.2170  99.00  0.030  1.000  1.000  1
729.2695  99.00  0.010  1.000  1.000  1
729.3374  99.00  0.010  1.000  1.000  1
729.4366  99.00  0.010  1.000  1.000  1
729.5036  99.00  0.050  1.000  1.000  1
729.5610  99.00  0.010  1.000  1.000  1
729.6261  99.00  0.010  1.000  1.000  1
729.7695  99.00  0.010  1.000  1.000  1
729.8163  99.00  0.010  1.000  1.000  1
729.8167  99.00  0.010  1.000  1.000  1
729.9640  99.00  0.020  1.000  1.000  1
729.9920  99.00  0.030  1.000  1.000  1
730.0659  99.00  0.010  1.000  1.000  1
730.0887  99.00  0.010  1.000  1.000  1
730.1249  99.00  0.010  1.000  1.000  1
730.2131  99.00  0.010  1.000  1.000  1
730.2598  99.00  0.010  1.000  1.000  1
730.2761  99.00  0.020  1.000  1.000  1
730.3200  99.00  0.060  1.000  1.000  1
730.4102  99.00  0.020  1.000  1.000  1
730.4201  99.00  0.060  1.000  1.000  1
730.8782  99.00  0.020  1.000  1.000  1
730.9521  99.00  0.050  1.000  1.000  1
731.0196  99.00  0.030  1.000  1.000  1
731.2617  99.00  0.030  1.000  1.000  1
731.2963  99.00  0.010  1.000  1.000  1
731.3182  99.00  0.010  1.000  1.000  1
731.4555  99.00  0.010  1.000  1.000  1
731.5518  99.00  0.040  1.000  1.000  1
731.6868  99.00  0.010  1.000  1.000  1
731.7296  99.00  0.030  1.000  1.000  1
731.8381  99.00  0.020  1.000  1.000  1
731.8705  99.00  0.040  1.000  1.000  1
732.0870  99.00  0.030  1.000  1.000  1
732.2213  99.00  0.010  1.000  1.000  1
732.3979  99.00  0.040  1.000  1.000  1
732.4692  99.00  0.010  1.000  1.000  1
732.7096  99.00  0.010  1.000  1.000  1
732.7110  99.00  0.010  1.000  1.000  1
732.7371  99.00  0.010  1.000  1.000  1
732.7372  99.00  0.010  1.000  1.000  1
733.0830  99.00  0.090  1.000  1.000  1
733.2906  99.00  0.010  1.000  1.000  1
733.3070  99.00  0.010  1.000  1.000  1
733.3696  99.00  0.030  1.000  1.000  1
733.5340  99.00  0.020  1.000  1.000  1
733.5731  99.00  0.010  1.000  1.000  1
733.7062  99.00  0.010  1.000  1.000  1
734.3952  99.00  0.030  1.000  1.000  1
734.8042  99.00  0.010  1.000  1.000  1
734.8055  99.00  0.010  1.000  1.000  1
734.9230  99.00  0.010  1.000  1.000  1
734.9497  99.00  0.010  1.000  1.000  1
735.0098  99.00  0.010  1.000  1.000  1
735.3918  99.00  0.010  1.000  1.000  1
735.4618  99.00  0.010  1.000  1.000  1
735.5451  99.00  0.030  1.000  1.000  1
735.6275  99.00  0.010  1.000  1.000  1
735.8858  99.00  0.010  1.000  1.000  1
736.0353  99.00  0.010  1.000  1.000  1
736.1035  99.00  0.010  1.000  1.000  1
736.2960  99.00  0.010  1.000  1.000  1
736.3745  99.00  0.010  1.000  1.000  1
736.5308  99.00  0.010  1.000  1.000  1
736.8473  99.00  0.010  1.000  1.000  1
736.9211  99.00  0.020  1.000  1.000  1
737.0129  99.00  0.030  1.000  1.000  1
737.1499  99.00  0.010  1.000  1.000  1
737.3629  99.00  0.010  1.000  1.000  1
737.7871  99.00  0.010  1.000  1.000  1
737.8335  99.00  0.010  1.000  1.000  1
738.3721  99.00  0.010  1.000  1.000  1
738.8591  99.00  0.020  1.000  1.000  1
739.0236  99.00  0.010  1.000  1.000  1
739.1271  99.00  0.010  1.000  1.000  1
739.1723  99.00  0.010  1.000  1.000  1
739.5542  99.00  0.010  1.000  1.000  1
739.6048  99.00  0.010  1.000  1.000  1
739.7121  99.00  0.010  1.000  1.000  1
741.0734  99.00  0.010  1.000  1.000  1
748.0779  99.00  0.010  1.000  1.000  1
759.3699  99.00  0.250  1.000  1.000  1
759.3995  99.00  0.300  1.000  1.000  1
759.4283  99.00  0.010  1.000  1.000  1
759.4506  99.00  0.380  1.000  1.000  1
759.4977  99.00  0.180  1.000  1.000  1
759.5247  99.00  0.590  1.000  1.000  1
759.5590  99.00  0.010  1.000  1.000  1
759.5763  99.00  0.390  1.000  1.000  1
759.6220  99.00  0.560  1.000  1.000  1
759.6492  99.00  0.640  1.000  1.000  1
759.6768  99.00  0.010  1.000  1.000  1
759.6976  99.00  0.010  1.000  1.000  1
759.7434  99.00  1.110  1.000  1.000  1
759.8006  99.00  0.030  1.000  1.000  1
759.8845  99.00  1.470  1.000  1.000  1
759.9223  99.00  0.020  1.000  1.000  1
759.9462  99.00  0.020  1.000  1.000  1
760.0066  99.00  2.010  1.000  1.000  1
760.0486  99.00  2.010  1.000  1.000  1
760.1125  99.00  0.020  1.000  1.000  1
760.1695  99.00  1.590  1.000  1.000  1
760.2035  99.00  0.030  1.000  1.000  1
760.2354  99.00  1.880  1.000  1.000  1
760.2996  99.00  0.040  1.000  1.000  1
760.3226  99.00  0.030  1.000  1.000  1
760.3551  99.00  1.640  1.000  1.000  1
760.4010  99.00  0.040  1.000  1.000  1
760.4449  99.00  1.970  1.000  1.000  1
760.5077  99.00  0.040  1.000  1.000  1
760.5190  99.00  0.040  1.000  1.000  1
760.5628  99.00  1.950  1.000  1.000  1
760.6247  99.00  0.080  1.000  1.000  1
760.6759  99.00  2.010  1.000  1.000  1
760.7364  99.00  0.060  1.000  1.000  1
760.8527  99.00  0.080  1.000  1.000  1
760.8528  99.00  0.080  1.000  1.000  1
760.8587  99.00  0.080  1.000  1.000  1
760.8834  99.00  0.010  1.000  1.000  1
760.9294  99.00  1.910  1.000  1.000  1
760.9740  99.00  0.030  1.000  1.000  1
760.9865  99.00  0.030  1.000  1.000  1
761.0444  99.00  1.750  1.000  1.000  1
761.1008  99.00  0.030  1.000  1.000  1
761.1194  99.00  0.030  1.000  1.000  1
761.1381  99.00  0.010  1.000  1.000  1
761.2053  99.00  1.830  1.000  1.000  1
761.2321  99.00  0.030  1.000  1.000  1
761.2579  99.00  0.030  1.000  1.000  1
761.3181  99.00  1.470  1.000  1.000  1
761.3697  99.00  0.020  1.000  1.000  1
761.4024  99.00  0.030  1.000  1.000  1
761.5051  99.00  1.290  1.000  1.000  1
761.5544  99.00  0.020  1.000  1.000  1
761.6140  99.00  1.090  1.000  1.000  1
761.9699  99.00  0.020  1.000  1.000  1
762.0076  99.00  0.020  1.000  1.000  1
762.0989  99.00  1.350  1.000  1.000  1
762.1323  99.00  0.040  1.000  1.000  1
762.1803  99.00  0.030  1.000  1.000  1
762.1981  99.00  0.010  1.000  1.000  1
762.2504  99.00  0.010  1.000  1.000  1
762.3011  99.00  0.040  1.000  1.000  1
762.3282  99.00  1.380  1.000  1.000  1
762.3552  99.00  0.040  1.000  1.000  1
762.3554  99.00  0.040  1.000  1.000  1
762.3703  99.00  0.020  1.000  1.000  1
762.4496  99.00  1.630  1.000  1.000  1
762.5353  99.00  0.050  1.000  1.000  1
762.5355  99.00  0.050  1.000  1.000  1
762.5487  99.00  0.010  1.000  1.000  1
762.6153  99.00  0.010  1.000  1.000  1
762.6522  99.00  0.050  1.000  1.000  1
762.7049  99.00  1.530  1.000  1.000  1
762.8214  99.00  1.950  1.000  1.000  1
762.9093  99.00  0.050  1.000  1.000  1
762.9997  99.00  0.010  1.000  1.000  1
763.0241  99.00  0.050  1.000  1.000  1
763.1010  99.00  1.720  1.000  1.000  1
763.2156  99.00  1.970  1.000  1.000  1
763.3034  99.00  0.060  1.000  1.000  1
763.4048  99.00  0.010  1.000  1.000  1
763.4168  99.00  0.060  1.000  1.000  1
763.5187  99.00  1.720  1.000  1.000  1
763.6317  99.00  1.770  1.000  1.000  1
763.7181  99.00  0.050  1.000  1.000  1
763.8305  99.00  0.060  1.000  1.000  1
763.9343  99.00  0.040  1.000  1.000  1
763.9579  99.00  1.550  1.000  1.000  1
764.0458  99.00  0.040  1.000  1.000  1
764.0698  99.00  1.600  1.000  1.000  1
764.1534  99.00  0.050  1.000  1.000  1
764.1638  99.00  0.010  1.000  1.000  1
764.2647  99.00  0.050  1.000  1.000  1
764.2786  99.00  0.010  1.000  1.000  1
764.3792  99.00  0.030  1.000  1.000  1
764.4192  99.00  1.320  1.000  1.000  1
764.4899  99.00  0.040  1.000  1.000  1
764.5299  99.00  1.390  1.000  1.000  1
764.6095  99.00  0.040  1.000  1.000  1
764.6210  99.00  0.010  1.000  1.000  1
764.7201  99.00  0.040  1.000  1.000  1
764.7477  99.00  0.010  1.000  1.000  1
764.8458  99.00  0.030  1.000  1.000  1
764.9026  99.00  1.100  1.000  1.000  1
764.9028  99.00  1.100  1.000  1.000  1
764.9554  99.00  0.030  1.000  1.000  1
765.0868  99.00  0.070  1.000  1.000  1
765.1960  99.00  0.030  1.000  1.000  1
765.2383  99.00  0.010  1.000  1.000  1
765.3332  99.00  0.020  1.000  1.000  1
765.4084  99.00  0.990  1.000  1.000  1
765.4417  99.00  0.030  1.000  1.000  1
765.5172  99.00  0.970  1.000  1.000  1
765.5847  99.00  0.010  1.000  1.000  1
765.6932  99.00  0.020  1.000  1.000  1
765.8419  99.00  0.020  1.000  1.000  1
765.9361  99.00  0.860  1.000  1.000  1
766.0417  99.00  0.840  1.000  1.000  1
766.0441  99.00  0.840  1.000  1.000  1
766.1044  99.00  0.010  1.000  1.000  1
766.2116  99.00  0.010  1.000  1.000  1
766.3718  99.00  0.010  1.000  1.000  1
766.5938  99.00  0.610  1.000  1.000  1
766.6446  99.00  0.010  1.000  1.000  1
766.7516  99.00  0.010  1.000  1.000  1
766.9234  99.00  0.010  1.000  1.000  1
767.0598  99.00  0.400  1.000  1.000  1
767.0601  99.00  0.400  1.000  1.000  1
767.1664  99.00  0.400  1.000  1.000  1
767.6562  99.00  0.260  1.000  1.000  1
767.7616  99.00  0.280  1.000  1.000  1
768.2755  99.00  0.160  1.000  1.000  1
768.3800  99.00  0.170  1.000  1.000  1
768.8127  99.00  0.010  1.000  1.000  1
768.9180  99.00  0.140  1.000  1.000  1
769.0218  99.00  0.120  1.000  1.000  1
769.0943  99.00  0.010  1.000  1.000  1
769.1510  99.00  0.180  1.000  1.000  1
769.2728  99.00  0.010  1.000  1.000  1
769.3540  99.00  0.010  1.000  1.000  1
769.4752  99.00  0.010  1.000  1.000  1
769.5840  99.00  0.080  1.000  1.000  1
769.6869  99.00  0.070  1.000  1.000  1
769.8327  99.00  0.010  1.000  1.000  1
770.2739  99.00  0.030  1.000  1.000  1
770.3758  99.00  0.040  1.000  1.000  1
770.9877  99.00  0.010  1.000  1.000  1
771.0889  99.00  0.010  1.000  1.000  1
771.2422  99.00  0.010  1.000  1.000  1
771.3665  99.00  0.010  1.000  1.000  1
771.6259  99.00  0.010  1.000  1.000  1
771.7459  99.00  0.010  1.000  1.000  1
772.0308  99.00  0.010  1.000  1.000  1
772.1489  99.00  0.010  1.000  1.000  1
772.5755  99.00  0.010  1.000  1.000  1
773.0256  99.00  0.010  1.000  1.000  1
773.3730  99.00  0.010  1.000  1.000  1
786.6061  99.00  0.010  1.000  1.000  1
787.2794  99.00  0.010  1.000  1.000  1
787.5326  99.00  0.010  1.000  1.000  1
787.6114  99.00  0.010  1.000  1.000  1
787.6561  99.00  0.010  1.000  1.000  1
788.0690  99.00  0.010  1.000  1.000  1
788.1906  99.00  0.020  1.000  1.000  1
788.5008  99.00  0.010  1.000  1.000  1
788.6790  99.00  0.010  1.000  1.000  1
788.7115  99.00  0.010  1.000  1.000  1
788.9336  99.00  0.010  1.000  1.000  1
789.1896  99.00  0.020  1.000  1.000  1
789.3509  99.00  0.020  1.000  1.000  1
789.4850  99.00  0.010  1.000  1.000  1
789.5510  99.00  0.030  1.000  1.000  1
789.6034  99.00  0.030  1.000  1.000  1
790.0797  99.00  0.020  1.000  1.000  1
790.1764  99.00  0.050  1.000  1.000  1
790.3152  99.00  0.010  1.000  1.000  1
790.8751  99.00  0.050  1.000  1.000  1
790.9381  99.00  0.010  1.000  1.000  1
791.0687  99.00  0.020  1.000  1.000  1
791.2004  99.00  0.010  1.000  1.000  1
791.5633  99.00  0.020  1.000  1.000  1
791.7582  99.00  0.010  1.000  1.000  1
792.0664  99.00  0.040  1.000  1.000  1
792.4351  99.00  0.030  1.000  1.000  1
792.8617  99.00  0.030  1.000  1.000  1
792.9360  99.00  0.010  1.000  1.000  1
793.1765  99.00  0.010  1.000  1.000  1
794.2749  99.00  0.010  1.000  1.000  1
794.6750  99.00  0.010  1.000  1.000  1
794.7735  99.00  0.010  1.000  1.000  1
795.0894  99.00  0.010  1.000  1.000  1
795.1177  99.00  0.010  1.000  1.000  1
795.3610  99.00  0.010  1.000  1.000  1
795.3818  99.00  0.010  1.000  1.000  1
795.6175  99.00  0.010  1.000  1.000  1
795.7743  99.00  0.010  1.000  1.000  1
795.8490  99.00  0.070  1.000  1.000  1
796.0274  99.00  0.020  1.000  1.000  1
796.0737  99.00  0.060  1.000  1.000  1
796.1620  99.00  0.030  1.000  1.000  1
796.2831  99.00  0.020  1.000  1.000  1
796.2980  99.00  0.010  1.000  1.000  1
796.3133  99.00  0.050  1.000  1.000  1
796.4353  99.00  0.030  1.000  1.000  1
796.4975  99.00  0.030  1.000  1.000  1
796.8127  99.00  0.040  1.000  1.000  1
796.8487  99.00  0.020  1.000  1.000  1
796.8767  99.00  0.010  1.000  1.000  1
797.1523  99.00  0.040  1.000  1.000  1
797.4142  99.00  0.010  1.000  1.000  1
797.5003  99.00  0.010  1.000  1.000  1
797.6607  99.00  0.010  1.000  1.000  1
798.0010  99.00  0.010  1.000  1.000  1
798.0465  99.00  0.020  1.000  1.000  1
798.4341  99.00  0.040  1.000  1.000  1
798.6265  99.00  0.020  1.000  1.000  1
798.8140  99.00  0.010  1.000  1.000  1
799.0715  99.00  0.020  1.000  1.000  1
799.0899  99.00  0.010  1.000  1.000  1
799.3858  99.00  0.010  1.000  1.000  1
799.4015  99.00  0.010  1.000  1.000  1
799.8244  99.00  0.030  1.000  1.000  1
799.8506  99.00  0.020  1.000  1.000  1
800.0295  99.00  0.070  1.000  1.000  1
800.0297  99.00  0.070  1.000  1.000  1
800.0952  99.00  0.010  1.000  1.000  1
800.3251  99.00  0.020  1.000  1.000  1
800.3560  99.00  0.010  1.000  1.000  1
800.4978  99.00  0.010  1.000  1.000  1
800.7491  99.00  0.120  1.000  1.000  1
800.7734  99.00  0.020  1.000  1.000  1
801.0905  99.00  0.010  1.000  1.000  1
801.2937  99.00  0.050  1.000  1.000  1
801.3385  99.00  0.020  1.000  1.000  1
801.4042  99.00  0.030  1.000  1.000  1
801.4713  99.00  0.010  1.000  1.000  1
801.6512  99.00  0.010  1.000  1.000  1
801.7426  99.00  0.010  1.000  1.000  1
802.0713  99.00  0.030  1.000  1.000  1
802.2070  99.00  0.020  1.000  1.000  1
802.2955  99.00  0.010  1.000  1.000  1
802.3175  99.00  0.030  1.000  1.000  1
802.3854  99.00  0.020  1.000  1.000  1
802.4191  99.00  0.010  1.000  1.000  1
802.5199  99.00  0.010  1.000  1.000  1
802.5871  99.00  0.010  1.000  1.000  1
802.6100  99.00  0.010  1.000  1.000  1
802.8539  99.00  0.060  1.000  1.000  1
803.1294  99.00  0.010  1.000  1.000  1
803.3594  99.00  0.020  1.000  1.000  1
803.4297  99.00  0.030  1.000  1.000  1
803.5372  99.00  0.010  1.000  1.000  1
803.6452  99.00  0.040  1.000  1.000  1
803.9603  99.00  0.030  1.000  1.000  1
804.2328  99.00  0.010  1.000  1.000  1
804.3164  99.00  0.030  1.000  1.000  1
804.3607  99.00  0.010  1.000  1.000  1
804.4400  99.00  0.030  1.000  1.000  1
804.5528  99.00  0.050  1.000  1.000  1
804.6512  99.00  0.010  1.000  1.000  1
804.9004  99.00  0.010  1.000  1.000  1
805.2435  99.00  0.010  1.000  1.000  1
805.4900  99.00  0.010  1.000  1.000  1
805.9538  99.00  0.020  1.000  1.000  1
806.0259  99.00  0.010  1.000  1.000  1
806.3286  99.00  0.020  1.000  1.000  1
806.5225  99.00  0.010  1.000  1.000  1
807.6292  99.00  0.010  1.000  1.000  1
807.8525  99.00  0.010  1.000  1.000  1
808.1513  99.00  0.010  1.000  1.000  1
808.5441  99.00  0.020  1.000  1.000  1
808.5799  99.00  0.010  1.000  1.000  1
809.0465  99.00  0.020  1.000  1.000  1
809.4274  99.00  0.010  1.000  1.000  1
809.6585  99.00  0.020  1.000  1.000  1
809.9431  99.00  0.020  1.000  1.000  1
810.1381  99.00  0.010  1.000  1.000  1
810.3163  99.00  0.010  1.000  1.000  1
810.4711  99.00  0.010  1.000  1.000  1
810.6386  99.00  0.010  1.000  1.000  1
810.7845  99.00  0.030  1.000  1.000  1
810.9019  99.00  0.010  1.000  1.000  1
811.0572  99.00  0.020  1.000  1.000  1
811.2404  99.00  0.020  1.000  1.000  1
811.3636  99.00  0.030  1.000  1.000  1
811.3949  99.00  0.030  1.000  1.000  1
811.8121  99.00  0.010  1.000  1.000  1
811.8910  99.00  0.010  1.000  1.000  1
811.9988  99.00  0.010  1.000  1.000  1
812.0666  99.00  0.020  1.000  1.000  1
812.1249  99.00  0.010  1.000  1.000  1
812.1514  99.00  0.020  1.000  1.000  1
812.2580  99.00  0.020  1.000  1.000  1
812.2833  99.00  0.010  1.000  1.000  1
812.3319  99.00  0.010  1.000  1.000  1
812.3589  99.00  0.010  1.000  1.000  1
812.5444  99.00  0.030  1.000  1.000  1
812.6852  99.00  0.030  1.000  1.000  1
812.7139  99.00  0.010  1.000  1.000  1
813.0016  99.00  0.030  1.000  1.000  1
813.0237  99.00  0.010  1.000  1.000  1
813.0461  99.00  0.060  1.000  1.000  1
813.1219  99.00  0.030  1.000  1.000  1
813.2395  99.00  0.010  1.000  1.000  1
813.3210  99.00  0.030  1.000  1.000  1
813.3553  99.00  0.020  1.000  1.000  1
813.3775  99.00  0.120  1.000  1.000  1
813.4521  99.00  0.010  1.000  1.000  1
813.5047  99.00  0.090  1.000  1.000  1
813.6211  99.00  0.020  1.000  1.000  1
813.6525  99.00  0.030  1.000  1.000  1
813.7156  99.00  0.010  1.000  1.000  1
813.8778  99.00  0.020  1.000  1.000  1
813.9704  99.00  0.030  1.000  1.000  1
814.0653  99.00  0.170  1.000  1.000  1
814.0798  99.00  0.030  1.000  1.000  1
814.1937  99.00  0.190  1.000  1.000  1
814.3553  99.00  0.010  1.000  1.000  1
814.3792  99.00  0.080  1.000  1.000  1
814.4194  99.00  0.040  1.000  1.000  1
814.4523  99.00  0.030  1.000  1.000  1
814.6212  99.00  0.100  1.000  1.000  1
814.7185  99.00  0.120  1.000  1.000  1
814.8069  99.00  0.060  1.000  1.000  1
814.8393  99.00  0.190  1.000  1.000  1
814.9269  99.00  0.070  1.000  1.000  1
814.9695  99.00  0.170  1.000  1.000  1
814.9882  99.00  0.080  1.000  1.000  1
815.2501  99.00  0.170  1.000  1.000  1
815.3707  99.00  0.120  1.000  1.000  1
815.4403  99.00  0.050  1.000  1.000  1
815.4640  99.00  0.280  1.000  1.000  1
815.5232  99.00  0.010  1.000  1.000  1
815.5456  99.00  0.020  1.000  1.000  1
815.6855  99.00  0.010  1.000  1.000  1
815.8019  99.00  0.250  1.000  1.000  1
816.1435  99.00  0.290  1.000  1.000  1
816.1975  99.00  0.140  1.000  1.000  1
816.2345  99.00  0.320  1.000  1.000  1
816.2810  99.00  0.010  1.000  1.000  1
816.3025  99.00  0.010  1.000  1.000  1
816.3777  99.00  0.010  1.000  1.000  1
816.4161  99.00  0.020  1.000  1.000  1
816.4535  99.00  0.430  1.000  1.000  1
816.5335  99.00  0.060  1.000  1.000  1
816.6454  99.00  0.010  1.000  1.000  1
816.7142  99.00  0.010  1.000  1.000  1
816.8820  99.00  0.200  1.000  1.000  1
816.9386  99.00  0.140  1.000  1.000  1
816.9989  99.00  0.380  1.000  1.000  1
817.1655  99.00  0.010  1.000  1.000  1
817.3010  99.00  0.010  1.000  1.000  1
817.3757  99.00  0.010  1.000  1.000  1
817.4684  99.00  0.040  1.000  1.000  1
817.6977  99.00  0.430  1.000  1.000  1
817.7930  99.00  0.230  1.000  1.000  1
817.8492  99.00  0.130  1.000  1.000  1
817.9049  99.00  0.230  1.000  1.000  1
817.9912  99.00  0.020  1.000  1.000  1
818.1846  99.00  0.270  1.000  1.000  1
818.2261  99.00  0.010  1.000  1.000  1
818.3101  99.00  0.020  1.000  1.000  1
818.4798  99.00  0.010  1.000  1.000  1
818.6372  99.00  0.240  1.000  1.000  1
818.7852  99.00  0.010  1.000  1.000  1
818.9268  99.00  0.440  1.000  1.000  1
819.3111  99.00  0.350  1.000  1.000  1
819.7700  99.00  0.390  1.000  1.000  1
819.9992  99.00  0.080  1.000  1.000  1
820.0694  99.00  0.170  1.000  1.000  1
820.1555  99.00  0.010  1.000  1.000  1
820.1723  99.00  0.050  1.000  1.000  1
820.4801  99.00  0.030  1.000  1.000  1
820.6771  99.00  0.010  1.000  1.000  1
820.9563  99.00  0.050  1.000  1.000  1
821.0327  99.00  0.030  1.000  1.000  1
821.2133  99.00  0.110  1.000  1.000  1
821.4410  99.00  0.020  1.000  1.000  1
821.4415  99.00  0.020  1.000  1.000  1
821.8113  99.00  0.220  1.000  1.000  1
822.1556  99.00  0.140  1.000  1.000  1
822.2899  99.00  0.010  1.000  1.000  1
822.3990  99.00  0.160  1.000  1.000  1
822.4463  99.00  0.030  1.000  1.000  1
822.5689  99.00  0.110  1.000  1.000  1
822.6960  99.00  0.420  1.000  1.000  1
822.8321  99.00  0.560  1.000  1.000  1
822.8736  99.00  0.270  1.000  1.000  1
822.8885  99.00  0.020  1.000  1.000  1
822.9762  99.00  0.210  1.000  1.000  1
823.0486  99.00  0.030  1.000  1.000  1
823.1282  99.00  0.400  1.000  1.000  1
823.1718  99.00  0.240  1.000  1.000  1
823.3904  99.00  0.260  1.000  1.000  1
823.4630  99.00  0.060  1.000  1.000  1
823.6120  99.00  0.040  1.000  1.000  1
823.7341  99.00  0.110  1.000  1.000  1
823.8548  99.00  0.010  1.000  1.000  1
823.9925  99.00  0.080  1.000  1.000  1
824.2354  99.00  0.020  1.000  1.000  1
824.3133  99.00  0.040  1.000  1.000  1
824.3487  99.00  0.340  1.000  1.000  1
824.6619  99.00  0.010  1.000  1.000  1
824.9656  99.00  0.010  1.000  1.000  1
825.2728  99.00  0.130  1.000  1.000  1
825.6516  99.00  0.360  1.000  1.000  1
825.7864  99.00  0.020  1.000  1.000  1
825.9690  99.00  0.160  1.000  1.000  1
826.0370  99.00  0.010  1.000  1.000  1
826.1873  99.00  0.010  1.000  1.000  1
826.2757  99.00  0.010  1.000  1.000  1
826.3445  99.00  0.130  1.000  1.000  1
826.4634  99.00  0.010  1.000  1.000  1
826.4958  99.00  0.010  1.000  1.000  1
826.4981  99.00  0.010  1.000  1.000  1
826.9175  99.00  0.020  1.000  1.000  1
827.2040  99.00  0.150  1.000  1.000  1
827.3082  99.00  0.020  1.000  1.000  1
827.4350  99.00  0.360  1.000  1.000  1
827.5548  99.00  0.010  1.000  1.000  1
827.6517  99.00  0.090  1.000  1.000  1
827.6683  99.00  0.140  1.000  1.000  1
827.8712  99.00  0.020  1.000  1.000  1
827.9598  99.00  0.240  1.000  1.000  1
828.2020  99.00  0.380  1.000  1.000  1
828.7942  99.00  0.350  1.000  1.000  1
828.8259  99.00  0.030  1.000  1.000  1
828.9526  99.00  0.170  1.000  1.000  1
829.1258  99.00  0.010  1.000  1.000  1
829.4161  99.00  0.230  1.000  1.000  1
829.4540  99.00  0.130  1.000  1.000  1
829.5302  99.00  0.050  1.000  1.000  1
829.5675  99.00  0.010  1.000  1.000  1
829.6053  99.00  0.020  1.000  1.000  1
829.6562  99.00  0.010  1.000  1.000  1
829.8066  99.00  0.010  1.000  1.000  1
829.8967  99.00  0.010  1.000  1.000  1
830.0372  99.00  0.210  1.000  1.000  1
830.0443  99.00  0.210  1.000  1.000  1
830.4299  99.00  0.110  1.000  1.000  1
830.5087  99.00  0.260  1.000  1.000  1
830.6699  99.00  0.010  1.000  1.000  1
830.7609  99.00  0.020  1.000  1.000  1
831.0086  99.00  0.040  1.000  1.000  1
831.0830  99.00  0.020  1.000  1.000  1
831.1751  99.00  0.040  1.000  1.000  1
831.1962  99.00  0.120  1.000  1.000  1
831.3875  99.00  0.040  1.000  1.000  1
831.3876  99.00  0.040  1.000  1.000  1
831.5689  99.00  0.010  1.000  1.000  1
831.5930  99.00  0.020  1.000  1.000  1
831.6223  99.00  0.100  1.000  1.000  1
831.8136  99.00  0.210  1.000  1.000  1
832.1244  99.00  0.200  1.000  1.000  1
832.1571  99.00  0.230  1.000  1.000  1
832.4620  99.00  0.010  1.000  1.000  1
832.6315  99.00  0.020  1.000  1.000  1
832.8473  99.00  0.010  1.000  1.000  1
832.9684  99.00  0.010  1.000  1.000  1
833.0507  99.00  0.010  1.000  1.000  1
833.2153  99.00  0.040  1.000  1.000  1
833.2709  99.00  0.010  1.000  1.000  1
833.3584  99.00  0.070  1.000  1.000  1
833.3879  99.00  0.010  1.000  1.000  1
833.4529  99.00  0.030  1.000  1.000  1
833.5505  99.00  0.050  1.000  1.000  1
833.8669  99.00  0.030  1.000  1.000  1
833.8893  99.00  0.030  1.000  1.000  1
833.9052  99.00  0.130  1.000  1.000  1
834.1466  99.00  0.010  1.000  1.000  1
834.1908  99.00  0.010  1.000  1.000  1
834.2294  99.00  0.060  1.000  1.000  1
834.3958  99.00  0.010  1.000  1.000  1
834.9165  99.00  0.070  1.000  1.000  1
834.9393  99.00  0.040  1.000  1.000  1
835.2805  99.00  0.010  1.000  1.000  1
835.3534  99.00  0.010  1.000  1.000  1
835.3663  99.00  0.040  1.000  1.000  1
835.4727  99.00  0.020  1.000  1.000  1
835.7039  99.00  0.090  1.000  1.000  1
835.7445  99.00  0.040  1.000  1.000  1
835.9540  99.00  0.020  1.000  1.000  1
836.2000  99.00  0.040  1.000  1.000  1
836.2301  99.00  0.050  1.000  1.000  1
836.6550  99.00  0.010  1.000  1.000  1
836.7331  99.00  0.060  1.000  1.000  1
836.9745  99.00  0.010  1.000  1.000  1
837.0462  99.00  0.010  1.000  1.000  1
837.2210  99.00  0.010  1.000  1.000  1
837.3256  99.00  0.010  1.000  1.000  1
837.3711  99.00  0.050  1.000  1.000  1
837.4555  99.00  0.010  1.000  1.000  1
837.5713  99.00  0.010  1.000  1.000  1
837.6182  99.00  0.010  1.000  1.000  1
837.6380  99.00  0.040  1.000  1.000  1
837.6609  99.00  0.010  1.000  1.000  1
837.7165  99.00  0.020  1.000  1.000  1
838.1442  99.00  0.010  1.000  1.000  1
838.3846  99.00  0.010  1.000  1.000  1
838.4175  99.00  0.020  1.000  1.000  1
838.4853  99.00  0.010  1.000  1.000  1
838.5499  99.00  0.020  1.000  1.000  1
838.5651  99.00  0.010  1.000  1.000  1
838.6174  99.00  0.010  1.000  1.000  1
838.6937  99.00  0.010  1.000  1.000  1
839.4015  99.00  0.020  1.000  1.000  1
839.4520  99.00  0.010  1.000  1.000  1
839.7154  99.00  0.020  1.000  1.000  1
839.7639  99.00  0.010  1.000  1.000  1
839.9959  99.00  0.010  1.000  1.000  1
840.0665  99.00  0.010  1.000  1.000  1
840.4180  99.00  0.010  1.000  1.000  1
840.5391  99.00  0.030  1.000  1.000  1
840.5667  99.00  0.010  1.000  1.000  1
840.8265  99.00  0.010  1.000  1.000  1
840.8538  99.00  0.010  1.000  1.000  1
840.8766  99.00  0.030  1.000  1.000  1
840.9596  99.00  0.010  1.000  1.000  1
841.1136  99.00  0.010  1.000  1.000  1
841.5417  99.00  0.040  1.000  1.000  1
841.8408  99.00  0.010  1.000  1.000  1
841.8645  99.00  0.010  1.000  1.000  1
843.0806  99.00  0.020  1.000  1.000  1
843.6389  99.00  0.020  1.000  1.000  1
843.8066  99.00  0.010  1.000  1.000  1
844.0741  99.00  0.010  1.000  1.000  1
844.2490  99.00  0.010  1.000  1.000  1
845.6917  99.00  0.010  1.000  1.000  1
846.0241  99.00  0.030  1.000  1.000  1
846.9210  99.00  0.010  1.000  1.000  1
848.6908  99.00  0.010  1.000  1.000  1
848.8304  99.00  0.010  1.000  1.000  1
849.1757  99.00  0.010  1.000  1.000  1
849.9886  99.00  0.010  1.000  1.000  1
850.3143  99.00  0.010  1.000  1.000  1
850.5848  99.00  0.010  1.000  1.000  1
851.1910  99.00  0.030  1.000  1.000  1
851.2301  99.00  0.030  1.000  1.000  1
851.9648  99.00  0.020  1.000  1.000  1
852.6335  99.00  0.010  1.000  1.000  1
852.6969  99.00  0.010  1.000  1.000  1
853.4778  99.00  0.010  1.000  1.000  1
854.0823  99.00  0.010  1.000  1.000  1
854.6216  99.00  0.010  1.000  1.000  1
855.3757  99.00  0.010  1.000  1.000  1
